15
43
0 5 11000.00
0 6 7000.00
0 7 4000.00
1 2 8000.00
1 4 1000.00
1 5 15000.00
2 1 8000.00
2 4 5.00
2 7 8000.00
3 4 5.00
3 5 4000.00
4 1 1000.00
4 2 5.00
4 3 5.00
5 1 15000.00
5 3 4000.00
5 12 2000.00
5 0 11000.00
6 0 7000.00
6 9 5000.00
6 13 5000.00
7 0 4000.00
7 2 8000.00
7 8 3000.00
7 14 3000.00
8 7 3000.00
8 9 2000.00
8 11 3000.00
8 14 1000.00
9 6 5000.00
9 8 2000.00
9 11 5.00
10 12 1000.00
10 13 1000.00
11 8 3000.00
11 9 5.00
12 10 1000.00
12 13 1000.00
12 5 2000.00
13 6 5000.00
13 10 1000.00
14 7 3000.00
14 8 1000.00